# DATE: 2021-04-17  UNITS: metal
# Repulsive Potential for Cd and Te: i,r,energy,force

REPULSIVE
N 90 R 2.2 4.9

1 2.2 0.7654500000000001 0.5670000000000001
2 2.2303370786516856 0.7483455119303118 0.5606292134831461
3 2.260674157303371 0.7314342949122585 0.5542584269662921
4 2.2910112359550565 0.7147163489458402 0.5478876404494382
5 2.321348314606742 0.6981916740310566 0.5415168539325842
6 2.351685393258427 0.6818602701679083 0.5351460674157303
7 2.3820224719101124 0.6657221373563945 0.5287752808988765
8 2.412359550561798 0.6497772755965158 0.5224044943820225
9 2.4426966292134833 0.6340256848882718 0.5160337078651686
10 2.4730337078651687 0.6184673652316627 0.5096629213483146
11 2.503370786516854 0.6031023166266886 0.5032921348314606
12 2.5337078651685396 0.5879305390733494 0.4969213483146067
13 2.564044943820225 0.572952032571645 0.4905505617977528
14 2.5943820224719105 0.5581667971215756 0.48417977528089884
15 2.6247191011235955 0.5435748327231411 0.477808988764045
16 2.655056179775281 0.5291761393763414 0.4714382022471911
17 2.6853932584269664 0.5149707170811767 0.4650674157303371
18 2.715730337078652 0.5009585658376469 0.45869662921348314
19 2.7460674157303373 0.4871396856457519 0.45232584269662923
20 2.7764044943820227 0.47351407650549177 0.44595505617977527
21 2.806741573033708 0.46008173841686656 0.43958426966292136
22 2.8370786516853936 0.4468426713798762 0.4332134831460674
23 2.867415730337079 0.43379687539452083 0.4268426966292134
24 2.8977528089887645 0.4209443504608003 0.4204719101123595
25 2.92808988764045 0.4082850965787147 0.41410112359550555
26 2.958426966292135 0.3958191137482642 0.4077303370786517
27 2.9887640449438204 0.38354640196944834 0.4013595505617978
28 3.019101123595506 0.3714669612422674 0.3949887640449438
29 3.0494382022471913 0.3595807915667214 0.3886179775280899
30 3.0797752808988768 0.34788789294281025 0.38224719101123594
31 3.110112359550562 0.336388265370534 0.375876404494382
32 3.140449438202247 0.3250819088498928 0.3695056179775281
33 3.1707865168539326 0.31396882338088633 0.3631348314606742
34 3.201123595505618 0.3030490089635148 0.35676404494382025
35 3.2314606741573035 0.29232246559777814 0.35039325842696634
36 3.261797752808989 0.28178919328367635 0.34402247191011237
37 3.2921348314606744 0.27144919202120943 0.3376516853932584
38 3.32247191011236 0.2613024618103775 0.3312808988764045
39 3.3528089887640453 0.2513490026511804 0.32491011235955053
40 3.3831460674157308 0.24158881454361822 0.3185393258426966
41 3.413483146067416 0.2320218974876909 0.31216853932584265
42 3.4438202247191017 0.22264825148339848 0.30579775280898874
43 3.474157303370787 0.213467876530741 0.2994269662921348
44 3.5044943820224725 0.20448077262971837 0.2930561797752808
45 3.5348314606741575 0.19568693978033078 0.28668539325842696
46 3.565168539325843 0.18708637798257796 0.28031460674157305
47 3.5955056179775284 0.17867908723646006 0.2739438202247191
48 3.625842696629214 0.17046506754197702 0.26757303370786517
49 3.6561797752808993 0.16244431889912886 0.2612022471910112
50 3.6865168539325843 0.15461684130791573 0.25483146067415735
51 3.7168539325842698 0.1469826347683374 0.2484606741573034
52 3.747191011235955 0.13954169928039392 0.24208988764044947
53 3.7775280898876407 0.13229403484408536 0.23571910112359554
54 3.807865168539326 0.12523964145941172 0.22934831460674157
55 3.8382022471910116 0.11837851912637294 0.22297752808988763
56 3.868539325842697 0.11171066784496905 0.2166067415730337
57 3.8988764044943824 0.10523608761520008 0.21023595505617976
58 3.929213483146068 0.098954778437066 0.20386516853932582
59 3.9595505617977533 0.09286674031056681 0.19749438202247185
60 3.9898876404494388 0.08697197323570252 0.19112359550561792
61 4.020224719101124 0.08127047721247312 0.18475280898876398
62 4.05056179775281 0.07576225224087862 0.17838202247191004
63 4.080898876404495 0.070447298320919 0.1720112359550561
64 4.111235955056181 0.0653256154525943 0.16564044943820216
65 4.141573033707866 0.060397203635904485 0.1592696629213482
66 4.1719101123595514 0.055662062870849564 0.15289887640449426
67 4.202247191011237 0.05112019315742953 0.14652808988764032
68 4.232584269662922 0.0467715944956444 0.14015730337078638
69 4.262921348314608 0.04261626688549416 0.13378651685393245
70 4.293258426966292 0.03865421032697893 0.12741573033707868
71 4.323595505617978 0.03488542482009848 0.12104494382022474
72 4.353932584269663 0.03130991036485293 0.11467415730337079
73 4.384269662921349 0.027927666961242263 0.10830337078651685
74 4.414606741573034 0.0247386946092665 0.10193258426966291
75 4.44494382022472 0.02174299330892563 0.09556179775280896
76 4.475280898876405 0.018940563060219656 0.08919101123595502
77 4.5056179775280905 0.016331403863148575 0.08282022471910108
78 4.535955056179776 0.013915515717712391 0.07644943820224713
79 4.5662921348314605 0.011692898623911162 0.07007865168539337
80 4.596629213483146 0.009663552581744762 0.06370786516853943
81 4.626966292134831 0.007827477591213258 0.05733707865168549
82 4.657303370786517 0.006184673652316648 0.050966292134831545
83 4.687640449438202 0.004735140765054933 0.0445955056179776
84 4.717977528089888 0.0034788789294281143 0.03822471910112366
85 4.748314606741573 0.0024158881454361906 0.03185393258426972
86 4.778651685393259 0.001546168413079162 0.025483146067415773
87 4.808988764044944 0.0008697197323570286 0.01911235955056183
88 4.8393258426966295 0.0003865421032697905 0.012741573033707886
89 4.869662921348315 9.663552581744762e-05 0.006370786516853943
90 4.9 0.0 -0.0
